000102 3
000103 2
000110 6
000111 5
000112 4
000113 3
000120 7
000121 6
000122 5
000123 4
000130 8
000131 7
000132 6
000133 5
000201 5
000203 1
000210 7
000211 6
000212 5
000213 4
000220 8
000221 7
000222 6
000223 5
000230 9
000231 8
000232 7
000233 6
000301 6
000302 5
000310 6
000311 5
000312 4
000313 3
000320 7
000321 6
000322 5
000323 4
000330 8
000331 7
000332 6
000333 5
001001 6
001002 5
001003 4
001011 7
001012 6
001013 5
001020 9
001021 8
001022 7
001023 6
001030 10
001031 9
001032 8
001033 7
001101 5
001102 4
001103 3
001110 7
001112 5
001113 4
001120 8
001121 7
001122 6
001123 5
001130 9
001131 8
001132 7
001133 6
001201 4
001202 3
001203 2
001210 6
001211 5
001213 3
001220 7
001221 6
001222 5
001223 4
001230 8
001231 7
001232 6
001233 5
001301 5
001302 4
001303 3
001310 7
001311 6
001312 5
001320 8
001321 7
001322 6
001323 5
001330 9
001331 8
001332 7
001333 6
002001 7
002002 6
002003 5
002010 9
002011 8
002012 7
002013 6
002021 9
002022 8
002023 7
002030 11
002031 10
002032 9
002033 8
002101 6
002102 5
002103 4
002110 8
002111 7
002112 6
002113 5
002120 9
002122 7
002123 6
002130 10
002131 9
002132 8
002133 7
002201 5
002202 4
002203 3
002210 7
002211 6
002212 5
002213 4
002220 8
002221 7
002223 5
002230 9
002231 8
002232 7
002233 6
002301 6
002302 5
002303 4
002310 8
002311 7
002312 6
002313 5
002320 9
002321 8
002322 7
002330 10
002331 9
002332 8
002333 7
003001 8
003002 7
003003 6
003010 10
003011 9
003012 8
003013 7
003020 11
003021 10
003022 9
003023 8
003031 11
003032 10
003033 9
003101 7
003102 6
003103 5
003110 9
003111 8
003112 7
003113 6
003120 10
003121 9
003122 8
003123 7
003130 11
003132 9
003133 8
003201 6
003202 5
003203 4
003210 8
003211 7
003212 6
003213 5
003220 9
003221 8
003222 7
003223 6
003230 10
003231 9
003233 7
003301 7
003302 6
003303 5
003310 9
003311 8
003312 7
003313 6
003320 10
003321 9
003322 8
003323 7
003330 11
003331 10
003332 9
010002 5
010003 4
010010 8
010011 7
010012 6
010013 5
010020 9
010021 8
010022 7
010023 6
010030 10
010031 9
010032 8
010033 7
010200 7
010203 0
010210 8
010211 5
010212 6
010213 5
010220 7
010221 6
010222 5
010223 4
010230 8
010231 7
010232 6
010233 5
010300 8
010302 6
010310 7
010311 4
010312 3
010313 2
010320 6
010321 5
010322 4
010323 3
010330 7
010331 6
010332 5
010333 4
011000 8
011002 6
011003 5
011011 8
011012 7
011013 6
011020 10
011021 9
011022 8
011023 7
011030 11
011031 10
011032 9
011033 8
011100 7
011102 3
011103 4
011110 8
011112 4
011113 5
011120 9
011121 6
011122 5
011123 6
011130 8
011131 7
011132 6
011133 7
011200 6
011202 2
011203 3
011210 7
011211 6
011213 4
011220 8
011221 7
011222 6
011223 5
011230 9
011231 8
011232 7
011233 6
011300 7
011302 3
011303 4
011310 8
011311 5
011312 6
011320 7
011321 6
011322 5
011323 4
011330 8
011331 7
011332 6
011333 5
012000 9
012002 5
012003 6
012010 10
012011 7
012012 6
012013 7
012021 8
012022 7
012023 8
012030 10
012031 9
012032 8
012033 9
012100 8
012102 4
012103 5
012110 9
012111 6
012112 5
012113 6
012120 8
012122 6
012123 7
012130 9
012131 8
012132 7
012133 8
012200 7
012202 3
012203 4
012210 8
012211 5
012212 4
012213 5
012220 7
012221 6
012223 6
012230 8
012231 7
012232 8
012233 7
012300 8
012302 4
012303 5
012310 9
012311 6
012312 5
012313 6
012320 8
012321 7
012322 6
012330 9
012331 8
012332 7
012333 6
013000 10
013002 6
013003 7
013010 11
013011 8
013012 7
013013 8
013020 10
013021 9
013022 8
013023 9
013031 10
013032 9
013033 10
013100 9
013102 5
013103 6
013110 10
013111 7
013112 6
013113 7
013120 9
013121 8
013122 7
013123 8
013130 10
013132 8
013133 9
013200 8
013202 4
013203 5
013210 9
013211 6
013212 5
013213 6
013220 8
013221 7
013222 6
013223 7
013230 9
013231 8
013233 8
013300 9
013302 5
013303 6
013310 10
013311 7
013312 6
013313 7
013320 9
013321 8
013322 7
013323 8
013330 10
013331 9
013332 8
020001 7
020003 5
020010 9
020011 8
020012 7
020013 6
020020 10
020021 9
020022 8
020023 7
020030 11
020031 10
020032 9
020033 8
020100 9
020103 4
020110 10
020111 7
020112 6
020113 5
020120 9
020121 8
020122 7
020123 6
020130 10
020131 9
020132 8
020133 7
020300 7
020301 6
020310 6
020311 5
020312 4
020313 3
020320 7
020321 6
020322 5
020323 4
020330 8
020331 7
020332 6
020333 5
021000 9
021001 8
021003 4
021011 7
021012 6
021013 7
021020 9
021021 8
021022 7
021023 8
021030 10
021031 9
021032 8
021033 9
021100 8
021101 7
021103 3
021110 9
021112 5
021113 6
021120 8
021121 7
021122 6
021123 7
021130 9
021131 8
021132 7
021133 8
021200 7
021201 8
021203 2
021210 8
021211 7
021213 5
021220 9
021221 8
021222 7
021223 6
021230 10
021231 9
021232 8
021233 7
021300 8
021301 7
021303 3
021310 7
021311 6
021312 5
021320 8
021321 7
021322 6
021323 5
021330 9
021331 8
021332 7
021333 6
022000 10
022001 9
022003 5
022010 9
022011 8
022012 7
022013 8
022021 9
022022 8
022023 9
022030 11
022031 10
022032 9
022033 10
022100 9
022101 8
022103 4
022110 8
022111 7
022112 6
022113 7
022120 9
022122 7
022123 8
022130 10
022131 9
022132 8
022133 9
022200 8
022201 7
022203 3
022210 7
022211 6
022212 5
022213 6
022220 8
022221 7
022223 7
022230 9
022231 8
022232 9
022233 8
022300 9
022301 8
022303 4
022310 8
022311 7
022312 6
022313 7
022320 9
022321 8
022322 7
022330 10
022331 9
022332 8
022333 7
023000 11
023001 10
023003 6
023010 10
023011 9
023012 8
023013 9
023020 11
023021 10
023022 9
023023 10
023031 11
023032 10
023033 11
023100 10
023101 9
023103 5
023110 9
023111 8
023112 7
023113 8
023120 10
023121 9
023122 8
023123 9
023130 11
023132 9
023133 10
023200 9
023201 8
023203 4
023210 8
023211 7
023212 6
023213 7
023220 9
023221 8
023222 7
023223 8
023230 10
023231 9
023233 9
023300 10
023301 9
023303 5
023310 9
023311 8
023312 7
023313 8
023320 10
023321 9
023322 8
023323 9
023330 11
023331 10
023332 9
030001 8
030002 7
030010 10
030011 9
030012 8
030013 7
030020 11
030021 10
030022 9
030023 8
030030 12
030031 11
030032 10
030033 9
030100 10
030102 6
030110 11
030111 8
030112 7
030113 6
030120 10
030121 9
030122 8
030123 7
030130 11
030131 10
030132 9
030133 8
030200 9
030201 8
030210 8
030211 7
030212 6
030213 5
030220 9
030221 8
030222 7
030223 6
030230 10
030231 9
030232 8
030233 7
031000 10
031001 9
031002 8
031011 8
031012 7
031013 6
031020 10
031021 9
031022 8
031023 7
031030 11
031031 10
031032 9
031033 8
031100 9
031101 8
031102 7
031110 10
031112 6
031113 5
031120 9
031121 8
031122 7
031123 6
031130 10
031131 9
031132 8
031133 7
031200 8
031201 9
031202 6
031210 9
031211 8
031213 4
031220 10
031221 9
031222 8
031223 7
031230 11
031231 10
031232 9
031233 8
031300 9
031301 8
031302 7
031310 8
031311 7
031312 6
031320 9
031321 8
031322 7
031323 6
031330 10
031331 9
031332 8
031333 7
032000 11
032001 10
032002 9
032010 10
032011 9
032012 8
032013 7
032021 10
032022 9
032023 8
032030 12
032031 11
032032 10
032033 9
032100 10
032101 9
032102 8
032110 9
032111 8
032112 7
032113 6
032120 10
032122 8
032123 7
032130 11
032131 10
032132 9
032133 8
032200 9
032201 8
032202 7
032210 8
032211 7
032212 6
032213 5
032220 9
032221 8
032223 6
032230 10
032231 9
032232 8
032233 7
032300 10
032301 9
032302 8
032310 9
032311 8
032312 7
032313 6
032320 10
032321 9
032322 8
032330 11
032331 10
032332 9
032333 8
033000 12
033001 11
033002 10
033010 11
033011 10
033012 9
033013 8
033020 12
033021 11
033022 10
033023 9
033031 12
033032 11
033033 10
033100 11
033101 10
033102 9
033110 10
033111 9
033112 8
033113 7
033120 11
033121 10
033122 9
033123 8
033130 12
033132 10
033133 9
033200 10
033201 9
033202 8
033210 9
033211 8
033212 7
033213 6
033220 10
033221 9
033222 8
033223 7
033230 11
033231 10
033233 8
033300 11
033301 10
033302 9
033310 10
033311 9
033312 8
033313 7
033320 11
033321 10
033322 9
033323 8
033330 12
033331 11
033332 10
100001 6
100002 5
100003 4
100011 7
100012 6
100013 5
100020 9
100021 8
100022 7
100023 6
100030 10
100031 9
100032 8
100033 7
100100 8
100102 4
100103 3
100111 6
100112 5
100113 4
100120 8
100121 7
100122 6
100123 5
100130 9
100131 8
100132 7
100133 6
100200 7
100201 6
100203 2
100211 7
100212 6
100213 5
100220 9
100221 8
100222 7
100223 6
100230 10
100231 9
100232 8
100233 7
100300 8
100301 7
100302 6
100311 6
100312 5
100313 4
100320 8
100321 7
100322 6
100323 5
100330 9
100331 8
100332 7
100333 6
101100 7
101101 6
101102 5
101103 4
101112 6
101113 5
101120 9
101121 8
101122 7
101123 6
101130 10
101131 9
101132 8
101133 7
101200 6
101201 5
101202 4
101203 3
101211 6
101213 4
101220 8
101221 7
101222 6
101223 5
101230 9
101231 8
101232 7
101233 6
101300 7
101301 6
101302 5
101303 4
101311 7
101312 6
101320 9
101321 8
101322 7
101323 6
101330 10
101331 9
101332 8
101333 7
102000 9
102001 8
102002 7
102003 6
102011 9
102012 8
102013 7
102021 10
102022 9
102023 8
102030 12
102031 11
102032 10
102033 9
102100 8
102101 7
102102 6
102103 5
102111 8
102112 7
102113 6
102120 10
102122 8
102123 7
102130 11
102131 10
102132 9
102133 8
102200 7
102201 6
102202 5
102203 4
102211 7
102212 6
102213 5
102220 9
102221 8
102223 6
102230 10
102231 9
102232 8
102233 7
102300 8
102301 7
102302 6
102303 5
102311 8
102312 7
102313 6
102320 10
102321 9
102322 8
102330 11
102331 10
102332 9
102333 8
103000 10
103001 9
103002 8
103003 7
103011 10
103012 9
103013 8
103020 12
103021 11
103022 10
103023 9
103031 12
103032 11
103033 10
103100 9
103101 8
103102 7
103103 6
103111 9
103112 8
103113 7
103120 11
103121 10
103122 9
103123 8
103130 12
103132 10
103133 9
103200 8
103201 7
103202 6
103203 5
103211 8
103212 7
103213 6
103220 10
103221 9
103222 8
103223 7
103230 11
103231 10
103233 8
103300 9
103301 8
103302 7
103303 6
103311 9
103312 8
103313 7
103320 11
103321 10
103322 9
103323 8
103330 12
103331 11
103332 10
110001 5
110002 4
110003 3
110010 9
110012 5
110013 4
110020 8
110021 7
110022 6
110023 5
110030 9
110031 8
110032 7
110033 6
110100 7
110102 3
110103 2
110110 8
110112 4
110113 3
110120 9
110121 6
110122 5
110123 4
110130 8
110131 7
110132 6
110133 5
110200 6
110201 5
110203 1
110210 7
110212 5
110213 4
110220 8
110221 7
110222 6
110223 5
110230 9
110231 8
110232 7
110233 6
110300 7
110301 6
110302 5
110310 6
110312 4
110313 3
110320 7
110321 6
110322 5
110323 4
110330 8
110331 7
110332 6
110333 5
111000 7
111001 6
111002 5
111003 4
111012 6
111013 5
111020 9
111021 8
111022 7
111023 6
111030 10
111031 9
111032 8
111033 7
111200 5
111201 4
111202 3
111203 2
111210 6
111213 3
111220 7
111221 6
111222 5
111223 4
111230 8
111231 7
111232 6
111233 5
111300 6
111301 5
111302 4
111303 3
111310 7
111312 5
111320 8
111321 7
111322 6
111323 5
111330 9
111331 8
111332 7
111333 6
112000 8
112001 7
112002 6
112003 5
112010 9
112012 7
112013 6
112021 9
112022 8
112023 7
112030 11
112031 10
112032 9
112033 8
112100 7
112101 6
112102 5
112103 4
112110 8
112112 6
112113 5
112120 9
112122 7
112123 6
112130 10
112131 9
112132 8
112133 7
112200 6
112201 5
112202 4
112203 3
112210 7
112212 5
112213 4
112220 8
112221 7
112223 5
112230 9
112231 8
112232 7
112233 6
112300 7
112301 6
112302 5
112303 4
112310 8
112312 6
112313 5
112320 9
112321 8
112322 7
112330 10
112331 9
112332 8
112333 7
113000 9
113001 8
113002 7
113003 6
113010 10
113012 8
113013 7
113020 11
113021 10
113022 9
113023 8
113031 11
113032 10
113033 9
113100 8
113101 7
113102 6
113103 5
113110 9
113112 7
113113 6
113120 10
113121 9
113122 8
113123 7
113130 11
113132 9
113133 8
113200 7
113201 6
113202 5
113203 4
113210 8
113212 6
113213 5
113220 9
113221 8
113222 7
113223 6
113230 10
113231 9
113233 7
113300 8
113301 7
113302 6
113303 5
113310 9
113312 7
113313 6
113320 10
113321 9
113322 8
113323 7
113330 11
113331 10
113332 9
120001 6
120002 5
120003 4
120010 8
120011 7
120013 5
120020 9
120021 8
120022 7
120023 6
120030 10
120031 9
120032 8
120033 7
120100 8
120102 4
120103 3
120110 9
120111 8
120113 4
120120 8
120121 7
120122 6
120123 5
120130 9
120131 8
120132 7
120133 6
120200 7
120201 6
120203 2
120210 8
120211 7
120213 5
120220 9
120221 8
120222 7
120223 6
120230 10
120231 9
120232 8
120233 7
120300 8
120301 7
120302 6
120310 7
120311 6
120313 4
120320 8
120321 7
120322 6
120323 5
120330 9
120331 8
120332 7
120333 6
121000 8
121001 7
121002 6
121003 5
121011 8
121013 6
121020 10
121021 9
121022 8
121023 7
121030 11
121031 10
121032 9
121033 8
121100 7
121101 6
121102 5
121103 4
121110 8
121113 5
121120 9
121121 8
121122 7
121123 6
121130 10
121131 9
121132 8
121133 7
121300 7
121301 6
121302 5
121303 4
121310 8
121311 7
121320 9
121321 8
121322 7
121323 6
121330 10
121331 9
121332 8
121333 7
122000 9
122001 8
122002 7
122003 6
122010 10
122011 9
122013 7
122021 10
122022 9
122023 8
122030 12
122031 11
122032 10
122033 9
122100 8
122101 7
122102 6
122103 5
122110 9
122111 8
122113 6
122120 10
122122 8
122123 7
122130 11
122131 10
122132 9
122133 8
122200 7
122201 6
122202 5
122203 4
122210 8
122211 7
122213 5
122220 9
122221 8
122223 6
122230 10
122231 9
122232 8
122233 7
122300 8
122301 7
122302 6
122303 5
122310 9
122311 8
122313 6
122320 10
122321 9
122322 8
122330 11
122331 10
122332 9
122333 8
123000 10
123001 9
123002 8
123003 7
123010 11
123011 10
123013 8
123020 12
123021 11
123022 10
123023 9
123031 12
123032 11
123033 10
123100 9
123101 8
123102 7
123103 6
123110 10
123111 9
123113 7
123120 11
123121 10
123122 9
123123 8
123130 12
123132 10
123133 9
123200 8
123201 7
123202 6
123203 5
123210 9
123211 8
123213 6
123220 10
123221 9
123222 8
123223 7
123230 11
123231 10
123233 8
123300 9
123301 8
123302 7
123303 6
123310 10
123311 9
123313 7
123320 11
123321 10
123322 9
123323 8
123330 12
123331 11
123332 10
130001 7
130002 6
130003 5
130010 9
130011 8
130012 7
130020 10
130021 9
130022 8
130023 7
130030 11
130031 10
130032 9
130033 8
130100 9
130102 5
130103 4
130110 10
130111 9
130112 8
130120 9
130121 8
130122 7
130123 6
130130 10
130131 9
130132 8
130133 7
130200 8
130201 7
130203 3
130210 9
130211 8
130212 7
130220 10
130221 9
130222 8
130223 7
130230 11
130231 10
130232 9
130233 8
130300 9
130301 8
130302 7
130310 8
130311 7
130312 8
130320 9
130321 8
130322 7
130323 6
130330 10
130331 9
130332 8
130333 7
131000 9
131001 8
131002 7
131003 6
131011 9
131012 8
131020 11
131021 10
131022 9
131023 8
131030 12
131031 11
131032 10
131033 9
131100 8
131101 7
131102 6
131103 5
131110 9
131112 7
131120 10
131121 9
131122 8
131123 7
131130 11
131131 10
131132 9
131133 8
131200 9
131201 8
131202 7
131203 4
131210 10
131211 9
131220 9
131221 8
131222 7
131223 6
131230 10
131231 9
131232 8
131233 7
132000 10
132001 9
132002 8
132003 7
132010 11
132011 10
132012 9
132021 11
132022 10
132023 9
132030 13
132031 12
132032 11
132033 10
132100 9
132101 8
132102 7
132103 6
132110 10
132111 9
132112 8
132120 11
132122 9
132123 8
132130 12
132131 11
132132 10
132133 9
132200 8
132201 7
132202 6
132203 5
132210 9
132211 8
132212 7
132220 10
132221 9
132223 7
132230 11
132231 10
132232 9
132233 8
132300 9
132301 8
132302 7
132303 6
132310 10
132311 9
132312 8
132320 11
132321 10
132322 9
132330 12
132331 11
132332 10
132333 9
133000 11
133001 10
133002 9
133003 8
133010 12
133011 11
133012 10
133020 13
133021 12
133022 11
133023 10
133031 13
133032 12
133033 11
133100 10
133101 9
133102 8
133103 7
133110 11
133111 10
133112 9
133120 12
133121 11
133122 10
133123 9
133130 13
133132 11
133133 10
133200 9
133201 8
133202 7
133203 6
133210 10
133211 9
133212 8
133220 11
133221 10
133222 9
133223 8
133230 12
133231 11
133233 9
133300 10
133301 9
133302 8
133303 7
133310 11
133311 10
133312 9
133320 12
133321 11
133322 10
133323 9
133330 13
133331 12
133332 11
200001 7
200002 6
200003 5
200010 9
200011 8
200012 7
200013 6
200021 9
200022 8
200023 7
200030 11
200031 10
200032 9
200033 8
200100 9
200102 5
200103 4
200110 10
200111 7
200112 6
200113 5
200121 8
200122 7
200123 6
200130 10
200131 9
200132 8
200133 7
200200 8
200201 7
200203 3
200210 9
200211 8
200212 7
200213 6
200221 9
200222 8
200223 7
200230 11
200231 10
200232 9
200233 8
200300 9
200301 8
200302 7
200310 8
200311 7
200312 6
200313 5
200321 8
200322 7
200323 6
200330 10
200331 9
200332 8
200333 7
201000 9
201001 8
201002 7
201003 6
201011 9
201012 8
201013 7
201021 10
201022 9
201023 8
201030 12
201031 11
201032 10
201033 9
201100 8
201101 7
201102 6
201103 5
201110 9
201112 7
201113 6
201121 9
201122 8
201123 7
201130 11
201131 10
201132 9
201133 8
201200 7
201201 6
201202 5
201203 4
201210 8
201211 7
201213 5
201221 8
201222 7
201223 6
201230 10
201231 9
201232 8
201233 7
201300 8
201301 7
201302 6
201303 5
201310 9
201311 8
201312 7
201321 9
201322 8
201323 7
201330 11
201331 10
201332 9
201333 8
202100 9
202101 8
202102 7
202103 6
202110 10
202111 9
202112 8
202113 7
202122 9
202123 8
202130 12
202131 11
202132 10
202133 9
202200 8
202201 7
202202 6
202203 5
202210 9
202211 8
202212 7
202213 6
202221 9
202223 7
202230 11
202231 10
202232 9
202233 8
202300 9
202301 8
202302 7
202303 6
202310 10
202311 9
202312 8
202313 7
202321 10
202322 9
202330 12
202331 11
202332 10
202333 9
203000 11
203001 10
203002 9
203003 8
203010 12
203011 11
203012 10
203013 9
203021 12
203022 11
203023 10
203031 13
203032 12
203033 11
203100 10
203101 9
203102 8
203103 7
203110 11
203111 10
203112 9
203113 8
203121 11
203122 10
203123 9
203130 13
203132 11
203133 10
203200 9
203201 8
203202 7
203203 6
203210 10
203211 9
203212 8
203213 7
203221 10
203222 9
203223 8
203230 12
203231 11
203233 9
203300 10
203301 9
203302 8
203303 7
203310 11
203311 10
203312 9
203313 8
203321 11
203322 10
203323 9
203330 13
203331 12
203332 11
210001 6
210002 5
210003 4
210010 8
210011 7
210012 6
210013 5
210020 9
210022 7
210023 6
210030 10
210031 9
210032 8
210033 7
210100 8
210102 4
210103 3
210110 9
210111 6
210112 5
210113 4
210120 8
210122 6
210123 5
210130 9
210131 8
210132 7
210133 6
210200 7
210201 6
210203 2
210210 8
210211 7
210212 6
210213 5
210220 9
210222 7
210223 6
210230 10
210231 9
210232 8
210233 7
210300 8
210301 7
210302 6
210310 7
210311 6
210312 5
210313 4
210320 8
210322 6
210323 5
210330 9
210331 8
210332 7
210333 6
211000 8
211001 7
211002 6
211003 5
211011 8
211012 7
211013 6
211020 10
211022 8
211023 7
211030 11
211031 10
211032 9
211033 8
211100 7
211101 6
211102 5
211103 4
211110 8
211112 6
211113 5
211120 9
211122 7
211123 6
211130 10
211131 9
211132 8
211133 7
211200 6
211201 5
211202 4
211203 3
211210 7
211211 6
211213 4
211220 8
211222 6
211223 5
211230 9
211231 8
211232 7
211233 6
211300 7
211301 6
211302 5
211303 4
211310 8
211311 7
211312 6
211320 9
211322 7
211323 6
211330 10
211331 9
211332 8
211333 7
212000 9
212001 8
212002 7
212003 6
212010 10
212011 9
212012 8
212013 7
212022 9
212023 8
212030 12
212031 11
212032 10
212033 9
212200 7
212201 6
212202 5
212203 4
212210 8
212211 7
212212 6
212213 5
212220 9
212223 6
212230 10
212231 9
212232 8
212233 7
212300 8
212301 7
212302 6
212303 5
212310 9
212311 8
212312 7
212313 6
212320 10
212322 8
212330 11
212331 10
212332 9
212333 8
213000 10
213001 9
213002 8
213003 7
213010 11
213011 10
213012 9
213013 8
213020 12
213022 10
213023 9
213031 12
213032 11
213033 10
213100 9
213101 8
213102 7
213103 6
213110 10
213111 9
213112 8
213113 7
213120 11
213122 9
213123 8
213130 12
213132 10
213133 9
213200 8
213201 7
213202 6
213203 5
213210 9
213211 8
213212 7
213213 6
213220 10
213222 8
213223 7
213230 11
213231 10
213233 8
213300 9
213301 8
213302 7
213303 6
213310 10
213311 9
213312 8
213313 7
213320 11
213322 9
213323 8
213330 12
213331 11
213332 10
220001 7
220002 6
220003 5
220010 9
220011 8
220012 7
220013 6
220020 10
220021 9
220023 7
220030 11
220031 10
220032 9
220033 8
220100 9
220102 5
220103 4
220110 10
220111 7
220112 6
220113 5
220120 9
220121 8
220123 6
220130 10
220131 9
220132 8
220133 7
220200 8
220201 7
220203 3
220210 9
220211 8
220212 7
220213 6
220220 10
220221 9
220223 7
220230 11
220231 10
220232 9
220233 8
220300 9
220301 8
220302 7
220310 8
220311 7
220312 6
220313 5
220320 9
220321 8
220323 6
220330 10
220331 9
220332 8
220333 7
221000 9
221001 8
221002 7
221003 6
221011 9
221012 8
221013 7
221020 11
221021 10
221023 8
221030 12
221031 11
221032 10
221033 9
221100 8
221101 7
221102 6
221103 5
221110 9
221112 7
221113 6
221120 10
221121 9
221123 7
221130 11
221131 10
221132 9
221133 8
221200 7
221201 6
221202 5
221203 4
221210 8
221211 7
221213 5
221220 9
221221 8
221223 6
221230 10
221231 9
221232 8
221233 7
221300 8
221301 7
221302 6
221303 5
221310 9
221311 8
221312 7
221320 10
221321 9
221323 7
221330 11
221331 10
221332 9
221333 8
222000 10
222001 9
222002 8
222003 7
222010 11
222011 10
222012 9
222013 8
222021 11
222023 9
222030 13
222031 12
222032 11
222033 10
222100 9
222101 8
222102 7
222103 6
222110 10
222111 9
222112 8
222113 7
222120 11
222123 8
222130 12
222131 11
222132 10
222133 9
222300 9
222301 8
222302 7
222303 6
222310 10
222311 9
222312 8
222313 7
222320 11
222321 10
222330 12
222331 11
222332 10
222333 9
223000 11
223001 10
223002 9
223003 8
223010 12
223011 11
223012 10
223013 9
223020 13
223021 12
223023 10
223031 13
223032 12
223033 11
223100 10
223101 9
223102 8
223103 7
223110 11
223111 10
223112 9
223113 8
223120 12
223121 11
223123 9
223130 13
223132 11
223133 10
223200 9
223201 8
223202 7
223203 6
223210 10
223211 9
223212 8
223213 7
223220 11
223221 10
223223 8
223230 12
223231 11
223233 9
223300 10
223301 9
223302 8
223303 7
223310 11
223311 10
223312 9
223313 8
223320 12
223321 11
223323 9
223330 13
223331 12
223332 11
230001 8
230002 7
230003 6
230010 10
230011 9
230012 8
230013 7
230020 11
230021 10
230022 9
230030 12
230031 11
230032 10
230033 9
230100 10
230102 6
230103 5
230110 11
230111 8
230112 7
230113 6
230120 10
230121 9
230122 8
230130 11
230131 10
230132 9
230133 8
230200 9
230201 8
230203 4
230210 10
230211 9
230212 8
230213 7
230220 11
230221 10
230222 9
230230 12
230231 11
230232 10
230233 9
230300 10
230301 9
230302 8
230310 9
230311 8
230312 7
230313 6
230320 10
230321 9
230322 8
230330 11
230331 10
230332 9
230333 8
231000 10
231001 9
231002 8
231003 7
231011 10
231012 9
231013 8
231020 12
231021 11
231022 10
231030 13
231031 12
231032 11
231033 10
231100 9
231101 8
231102 7
231103 6
231110 10
231112 8
231113 7
231120 11
231121 10
231122 9
231130 12
231131 11
231132 10
231133 9
231200 8
231201 7
231202 6
231203 5
231210 9
231211 8
231213 6
231220 10
231221 9
231222 8
231230 11
231231 10
231232 9
231233 8
231300 9
231301 8
231302 7
231303 6
231310 10
231311 9
231312 8
231320 11
231321 10
231322 9
231330 12
231331 11
231332 10
231333 9
232000 11
232001 10
232002 9
232003 8
232010 12
232011 11
232012 10
232013 9
232021 12
232022 11
232030 14
232031 13
232032 12
232033 11
232100 10
232101 9
232102 8
232103 7
232110 11
232111 10
232112 9
232113 8
232120 12
232122 10
232130 13
232131 12
232132 11
232133 10
232200 9
232201 8
232202 7
232203 6
232210 10
232211 9
232212 8
232213 7
232220 11
232221 10
232230 12
232231 11
232232 10
232233 9
233000 12
233001 11
233002 10
233003 9
233010 13
233011 12
233012 11
233013 10
233020 14
233021 13
233022 12
233031 14
233032 13
233033 12
233100 11
233101 10
233102 9
233103 8
233110 12
233111 11
233112 10
233113 9
233120 13
233121 12
233122 11
233130 14
233132 12
233133 11
233200 10
233201 9
233202 8
233203 7
233210 11
233211 10
233212 9
233213 8
233220 12
233221 11
233222 10
233230 13
233231 12
233233 10
233300 11
233301 10
233302 9
233303 8
233310 12
233311 11
233312 10
233313 9
233320 13
233321 12
233322 11
233330 14
233331 13
233332 12
300001 8
300002 7
300003 6
300010 10
300011 9
300012 8
300013 7
300020 11
300021 10
300022 9
300023 8
300031 11
300032 10
300033 9
300100 10
300102 6
300103 5
300110 11
300111 8
300112 7
300113 6
300120 10
300121 9
300122 8
300123 7
300131 10
300132 9
300133 8
300200 9
300201 8
300203 4
300210 10
300211 9
300212 8
300213 7
300220 11
300221 10
300222 9
300223 8
300231 11
300232 10
300233 9
300300 10
300301 9
300302 8
300310 9
300311 8
300312 7
300313 6
300320 10
300321 9
300322 8
300323 7
300331 10
300332 9
300333 8
301000 10
301001 9
301002 8
301003 7
301011 10
301012 9
301013 8
301020 12
301021 11
301022 10
301023 9
301031 12
301032 11
301033 10
301100 9
301101 8
301102 7
301103 6
301110 10
301112 8
301113 7
301120 11
301121 10
301122 9
301123 8
301131 11
301132 10
301133 9
301200 8
301201 7
301202 6
301203 5
301210 9
301211 8
301213 6
301220 10
301221 9
301222 8
301223 7
301231 10
301232 9
301233 8
301300 9
301301 8
301302 7
301303 6
301310 10
301311 9
301312 8
301320 11
301321 10
301322 9
301323 8
301331 11
301332 10
301333 9
302000 11
302001 10
302002 9
302003 8
302010 12
302011 11
302012 10
302013 9
302021 12
302022 11
302023 10
302031 13
302032 12
302033 11
302100 10
302101 9
302102 8
302103 7
302110 11
302111 10
302112 9
302113 8
302120 12
302122 10
302123 9
302131 12
302132 11
302133 10
302200 9
302201 8
302202 7
302203 6
302210 10
302211 9
302212 8
302213 7
302220 11
302221 10
302223 8
302231 11
302232 10
302233 9
302300 10
302301 9
302302 8
302303 7
302310 11
302311 10
302312 9
302313 8
302320 12
302321 11
302322 10
302331 12
302332 11
302333 10
303100 11
303101 10
303102 9
303103 8
303110 12
303111 11
303112 10
303113 9
303120 13
303121 12
303122 11
303123 10
303132 12
303133 11
303200 10
303201 9
303202 8
303203 7
303210 11
303211 10
303212 9
303213 8
303220 12
303221 11
303222 10
303223 9
303231 12
303233 10
303300 11
303301 10
303302 9
303303 8
303310 12
303311 11
303312 10
303313 9
303320 13
303321 12
303322 11
303323 10
303331 13
303332 12
310001 7
310002 6
310003 5
310010 9
310011 8
310012 7
310013 6
310020 10
310021 9
310022 8
310023 7
310030 11
310032 9
310033 8
310100 9
310102 5
310103 4
310110 10
310111 7
310112 6
310113 5
310120 9
310121 8
310122 7
310123 6
310130 10
310132 8
310133 7
310200 8
310201 7
310203 3
310210 9
310211 8
310212 7
310213 6
310220 10
310221 9
310222 8
310223 7
310230 11
310232 9
310233 8
310300 9
310301 8
310302 7
310310 8
310311 7
310312 6
310313 5
310320 9
310321 8
310322 7
310323 6
310330 10
310332 8
310333 7
311000 9
311001 8
311002 7
311003 6
311011 9
311012 8
311013 7
311020 11
311021 10
311022 9
311023 8
311030 12
311032 10
311033 9
311100 8
311101 7
311102 6
311103 5
311110 9
311112 7
311113 6
311120 10
311121 9
311122 8
311123 7
311130 11
311132 9
311133 8
311200 7
311201 6
311202 5
311203 4
311210 8
311211 7
311213 5
311220 9
311221 8
311222 7
311223 6
311230 10
311232 8
311233 7
311300 8
311301 7
311302 6
311303 5
311310 9
311311 8
311312 7
311320 10
311321 9
311322 8
311323 7
311330 11
311332 9
311333 8
312000 10
312001 9
312002 8
312003 7
312010 11
312011 10
312012 9
312013 8
312021 11
312022 10
312023 9
312030 13
312032 11
312033 10
312100 9
312101 8
312102 7
312103 6
312110 10
312111 9
312112 8
312113 7
312120 11
312122 9
312123 8
312130 12
312132 10
312133 9
312200 8
312201 7
312202 6
312203 5
312210 9
312211 8
312212 7
312213 6
312220 10
312221 9
312223 7
312230 11
312232 9
312233 8
312300 9
312301 8
312302 7
312303 6
312310 10
312311 9
312312 8
312313 7
312320 11
312321 10
312322 9
312330 12
312332 10
312333 9
313000 11
313001 10
313002 9
313003 8
313010 12
313011 11
313012 10
313013 9
313020 13
313021 12
313022 11
313023 10
313032 12
313033 11
313200 9
313201 8
313202 7
313203 6
313210 10
313211 9
313212 8
313213 7
313220 11
313221 10
313222 9
313223 8
313230 12
313233 9
313300 10
313301 9
313302 8
313303 7
313310 11
313311 10
313312 9
313313 8
313320 12
313321 11
313322 10
313323 9
313330 13
313332 11
320001 8
320002 7
320003 6
320010 10
320011 9
320012 8
320013 7
320020 11
320021 10
320022 9
320023 8
320030 12
320031 11
320033 9
320100 10
320102 6
320103 5
320110 11
320111 8
320112 7
320113 6
320120 10
320121 9
320122 8
320123 7
320130 11
320131 10
320133 8
320200 9
320201 8
320203 4
320210 10
320211 9
320212 8
320213 7
320220 11
320221 10
320222 9
320223 8
320230 12
320231 11
320233 9
320300 10
320301 9
320302 8
320310 9
320311 8
320312 7
320313 6
320320 10
320321 9
320322 8
320323 7
320330 11
320331 10
320333 8
321000 10
321001 9
321002 8
321003 7
321011 10
321012 9
321013 8
321020 12
321021 11
321022 10
321023 9
321030 13
321031 12
321033 10
321100 9
321101 8
321102 7
321103 6
321110 10
321112 8
321113 7
321120 11
321121 10
321122 9
321123 8
321130 12
321131 11
321133 9
321200 8
321201 7
321202 6
321203 5
321210 9
321211 8
321213 6
321220 10
321221 9
321222 8
321223 7
321230 11
321231 10
321233 8
321300 9
321301 8
321302 7
321303 6
321310 10
321311 9
321312 8
321320 11
321321 10
321322 9
321323 8
321330 12
321331 11
321333 9
322000 11
322001 10
322002 9
322003 8
322010 12
322011 11
322012 10
322013 9
322021 12
322022 11
322023 10
322030 14
322031 13
322033 11
322100 10
322101 9
322102 8
322103 7
322110 11
322111 10
322112 9
322113 8
322120 12
322122 10
322123 9
322130 13
322131 12
322133 10
322200 9
322201 8
322202 7
322203 6
322210 10
322211 9
322212 8
322213 7
322220 11
322221 10
322223 8
322230 12
322231 11
322233 9
322300 10
322301 9
322302 8
322303 7
322310 11
322311 10
322312 9
322313 8
322320 12
322321 11
322322 10
322330 13
322331 12
322333 10
323000 12
323001 11
323002 10
323003 9
323010 13
323011 12
323012 11
323013 10
323020 14
323021 13
323022 12
323023 11
323031 14
323033 12
323100 11
323101 10
323102 9
323103 8
323110 12
323111 11
323112 10
323113 9
323120 13
323121 12
323122 11
323123 10
323130 14
323133 11
323300 11
323301 10
323302 9
323303 8
323310 12
323311 11
323312 10
323313 9
323320 13
323321 12
323322 11
323323 10
323330 14
323331 13
330001 9
330002 8
330003 7
330010 11
330011 10
330012 9
330013 8
330020 12
330021 11
330022 10
330023 9
330030 13
330031 12
330032 11
330100 11
330102 7
330103 6
330110 12
330111 9
330112 8
330113 7
330120 11
330121 10
330122 9
330123 8
330130 12
330131 11
330132 10
330200 10
330201 9
330203 5
330210 11
330211 10
330212 9
330213 8
330220 12
330221 11
330222 10
330223 9
330230 13
330231 12
330232 11
330300 11
330301 10
330302 9
330310 10
330311 9
330312 8
330313 7
330320 11
330321 10
330322 9
330323 8
330330 12
330331 11
330332 10
331000 11
331001 10
331002 9
331003 8
331011 11
331012 10
331013 9
331020 13
331021 12
331022 11
331023 10
331030 14
331031 13
331032 12
331100 10
331101 9
331102 8
331103 7
331110 11
331112 9
331113 8
331120 12
331121 11
331122 10
331123 9
331130 13
331131 12
331132 11
331200 9
331201 8
331202 7
331203 6
331210 10
331211 9
331213 7
331220 11
331221 10
331222 9
331223 8
331230 12
331231 11
331232 10
331300 10
331301 9
331302 8
331303 7
331310 11
331311 10
331312 9
331320 12
331321 11
331322 10
331323 9
331330 13
331331 12
331332 11
332000 12
332001 11
332002 10
332003 9
332010 13
332011 12
332012 11
332013 10
332021 13
332022 12
332023 11
332030 15
332031 14
332032 13
332100 11
332101 10
332102 9
332103 8
332110 12
332111 11
332112 10
332113 9
332120 13
332122 11
332123 10
332130 14
332131 13
332132 12
332200 10
332201 9
332202 8
332203 7
332210 11
332211 10
332212 9
332213 8
332220 12
332221 11
332223 9
332230 13
332231 12
332232 11
332300 11
332301 10
332302 9
332303 8
332310 12
332311 11
332312 10
332313 9
332320 13
332321 12
332322 11
332330 14
332331 13
332332 12
333000 13
333001 12
333002 11
333003 10
333010 14
333011 13
333012 12
333013 11
333020 15
333021 14
333022 13
333023 12
333031 15
333032 14
333100 12
333101 11
333102 10
333103 9
333110 13
333111 12
333112 11
333113 10
333120 14
333121 13
333122 12
333123 11
333130 15
333132 13
333200 11
333201 10
333202 9
333203 8
333210 12
333211 11
333212 10
333213 9
333220 13
333221 12
333222 11
333223 10
333230 14
333231 13
